%YAML:1.0

#--------------------------------------------------------------------------------------------
# Camera Parameters. Adjust them!
#--------------------------------------------------------------------------------------------
File.version: "1.0"

Camera.type: "KannalaBrandt8"

# Left Camera calibration and distortion parameters (OpenCV)
Camera1.fx: 757.0906269935176
Camera1.fy: 753.9447924748165
Camera1.cx: 764.8742599000158
Camera1.cy: 575.5556449265899

# Kannala-Brandt distortion parameters
Camera1.k1: -0.021911850423982564
Camera1.k2: 0.03787005972204016
Camera1.k3: -0.04375773598460998
Camera1.k4: 0.0071530127738241205

# Right Camera calibration and distortion parameters (OpenCV)
Camera2.fx: 758.9196859148807
Camera2.fy: 755.862674115047
Camera2.cx: 771.7944154475294
Camera2.cy: 597.4940788056653

# Kannala-Brandt distortion parameters
Camera2.k1: -0.018251089044686298
Camera2.k2: 0.016380911723060547
Camera2.k3: -0.013482703503152343
Camera2.k4: -0.0025345334554505035

# Transformation matrix from right camera to left camera
Stereo.T_c1_c2: !!opencv-matrix
  rows: 4
  cols: 4
  dt: f
  data: [ 0.9999080919775862, -0.012905691707910465, -0.004153398522103266,   -2.713853671812567,
            0.012901340808900834, 0.9999161989070606, -0.0010726456023650904,   -0.005959911914688287,
            0.004166893696223666, 0.0010189626077802033, 0.9999907993137378,   -0.03167578726105503,
            0.0,0.0,0.0,1.0]


# Camera resolution
Camera.width: 1440
Camera.height: 1080

# Lapping area between images
Camera1.overlappingBegin: 0
Camera1.overlappingEnd: 1439

Camera2.overlappingBegin: 0
Camera2.overlappingEnd: 1439

# Camera frames per second
Camera.fps: 30

# Color order of the images (0: BGR, 1: RGB. It is ignored if images are grayscale) 
# TODO: change this
Camera.RGB: 1

# Close/Far threshold. Baseline times. 
Stereo.ThDepth: 5.0

#--------------------------------------------------------------------------------------------
# ORB Parameters
#--------------------------------------------------------------------------------------------

# ORB Extractor: Number of features per image
ORBextractor.nFeatures: 1250

# ORB Extractor: Scale factor between levels in the scale pyramid
ORBextractor.scaleFactor: 1.2

# ORB Extractor: Number of levels in the scale pyramid
ORBextractor.nLevels: 8


# ORB Extractor: Fast threshold
# Image is divided in a grid. At each cell FAST are extracted imposing a minimum response.
# Firstly we impose iniThFAST. If no corners are detected we impose a lower value minThFAST
# You can lower these values if your images have low contrast
ORBextractor.iniThFAST: 10
ORBextractor.minThFAST: 5

#--------------------------------------------------------------------------------------------
# Viewer Parameters
#--------------------------------------------------------------------------------------------
Viewer.KeyFrameSize: 0.05
Viewer.KeyFrameLineWidth: 1.0
Viewer.GraphLineWidth: 1.0
Viewer.PointSize: 2.0
Viewer.CameraSize: 0.05
Viewer.CameraLineWidth: 2.0
Viewer.ViewpointX: 0.0
Viewer.ViewpointY: -10.0
Viewer.ViewpointZ: -0.1
Viewer.ViewpointF: 2000.0
